2015年	2014年	2013年	2012年	2011年	2010年	2009年	2008年	2007年	2006年	2005年	2004年	2003年	2002年	2001年	2000年	1999年	1998年	1997年	1996年	1995年	1994年	1993年	1992年	1991年	1990年	1989年	1988年	1987年	1986年	1985年

结婚登记(万对 )	1224.71	1306.74	1346.93	1323.59	1302.36	1241.00	1212.40	1098.30	991.40	945.00	823.10	867.20	811.40	786.00	805.00	848.50	885.30	891.70	914.10	938.70	934.10	932.40	915.40	957.50	953.60	951.10	937.20	899.20	926.70	884.00	831.30

内地居民登记结婚(万对)	1220.59	1302.04	1341.43	1318.27	1297.48	1236.10	1207.50	1093.20	986.30	938.20	816.60	860.80	803.50	778.80	797.11	842.00	879.91	886.66	909.06	933.96	929.71	929.00	912.16	954.50	950.98	948.69	935.19	897.18	924.74	882.29	829.06

内地居民初婚登记(万人)	2108.97	2286.81	2385.96	2361.17	2309.88	2200.90	2168.80	1972.50	1779.70	1705.60	1483.00	1569.60	1483.90	1440.30	1481.74	1581.39	1659.36	1675.37	1725.95	1781.72	1776.07	1779.33	1747.01	1832.10	1820.32	1819.13	1796.00	1728.51	1788.09	1707.51	1607.63

内地居民再婚登记(万人)	340.44	326.68	307.89	286.02	294.85	281.10	256.00	224.10	203.10	184.40	163.10	152.00	123.30	117.10	112.49	102.62	100.46	97.94	92.16	86.20	83.35	78.67	77.32	76.91	81.65	78.24	74.40	65.84	61.39	57.08	50.48

涉外及港澳台居民登记结婚(万对)	4.12	4.70	5.50	5.33	4.88	4.90	4.92	5.10	5.11	6.82	6.43	6.35	7.83	7.28	7.87	6.49	5.42	5.03	5.08	4.72	4.40	3.38	3.28	2.96	2.64	2.38	2.00	2.00	2.00	1.70	2.22

离婚登记(万对)	384.14	363.68	350.01	310.38	287.40	267.80	246.80	226.90	209.80	191.30	178.50	166.50	133.00	117.70	125.05	121.29	120.15	119.20	119.90	113.40	105.60	98.20	91.00	84.96	83.10	80.00	75.30	65.86	58.15	50.57	45.79
